Gina - TIM-Datei
#TIME_STEPPING
  $PCS_TYPE
    DEFORMATION_FLOW
  $TIME_STEPS
  4 0.05
  1 0.075
  1 0.1125
  1 0.16875
  1 0.253125
  1 0.3796875
  1 0.56953125
  1 0.854296875
  1 1.2814453125
  1 1.92216796875
  1 2.883251953125
  1 4.3248779296875
  1 6.48731689453125
  1 2.98804931640625
  2 0.5
  1 0.75
  1 1.125
  1 1.6875
  1 2.53125
  1 3.796875
  1 5.6953125
  1 8.54296875
  1 12.814453125
  1 19.2216796875
  1 19.8349609375
  2 0.5
  1 0.75
  1 1.125
  1 1.6875
  1 2.53125
  1 3.796875
  1 5.6953125
  1 8.54296875
  1 12.814453125
  1 19.056640625
  2 0.5
  1 0.75
  1 1.125
  1 1.6875
  1 2.53125
  1 3.796875
  1 5.6953125
  1 8.54296875
  1 12.814453125
  1 18.056640625
  2 0.5
  1 0.75
  1 1.125
  1 1.6875
  1 2.53125
  1 3.796875
  1 5.6953125
  1 8.54296875
  1 12.814453125
  1 16.056640625
  2 0.5
  1 0.75
  1 1.125
  1 1.6875
  1 2.53125
  1 3.796875
  1 5.6953125
  1 8.54296875
  1 12.814453125
  1 12.056640625
  2 0.5
  1 0.75
  1 1.125
  1 1.6875
  1 2.53125
  1 3.796875
  1 5.6953125
  1 8.54296875
  1 12.814453125
  1 19.2216796875
  1 28.83251953125
  1 17.00244140625
  2 0.5
  1 0.75
  1 1.125
  1 1.6875
  1 2.53125
  1 3.796875
  1 5.6953125
  1 8.54296875
  1 7.87109375
  2 0.5
  1 0.75
  1 1.125
  1 1.6875
  1 2.53125
  1 3.796875
  1 5.6953125
  1 8.54296875
  1 12.814453125
  1 19.2216796875
  1 28.83251953125
  1 43.248779296875
  1 64.8731689453125
  1 97.3097534179687
  1 56.0707397460937
  $TIME_END
   150000000
  $TIME_START
   0.0
#STOP

#TIME_STEPPING
  $PCS_TYPE
  LIQUID_FLOW 
  $TIME_STEPS
3000 0.05
  $TIME_END
  150000000
  $TIME_START
  0.0 


  0.0

 5 4.0
 2 1.
 5 15
 2 1.
 5 11.
 2 1.
 2 27
 2 1.
 2 26.
 2 1.
 2 24
 2 1.5
 2 50.
 2 1.
 2 15.5
 2 1.
 1 9.
 4 30.
 5 45.0
 6 1550.

#TIME_STEPPING
  $PCS_TYPE
  DEFORMATION
  $TIME_STEPS
  20 50  
  $TIME_END
  1000
  $TIME_START
  0.0
